388
550
378
308
406
476
432
412
406
400
298
374
416
462
392
420
490
336
226
340
292
460
370
296
388
420
402
342
468
396
346
254
300
332
344
456
344
374
340
460
378
358
308
352
448
412
524
442
492
406
492
462
278
328
472
324
470
346
382
478
380
374
440
264
350
334
376
514
502
332
248
504
384
434
392
318
184
300
500
248
224
276
396
396
394
390
346
444
414
284
362
500
340
534
418
364
360
390
354
422
404
422
434
428
448
322
372
478
526
374
438
428
486
438
330
402
432
228
356
486
372
326
388
400
444
410
416
336
520
382
352
308
384
446
516
422
358
582
356
424
380
246
344
364
364
270
452
582
278
448
416
450
436
274
338
356
226
448
546
284
462
414
200
322
288
406
442
314
342
356
226
344
404
300
432
310
154
328
368
392
360
462
476
370
416
476
206
360
308
322
448
460
452
342
568
526
444
346
542
456
428
416
474
394
336
258
474
362
468
400
326
536
432
410
302
374
380
328
384
294
498
442
226
392
442
526
312
290
218
298
370
450
514
294
380
390
380
364
362
368
322
368
438
310
364
494
482
380
444
438
324
432
410
568
356
368
386
210
504
382
372
438
350
234
468
384
370
334
416
380
464
304
492
318
386
404
290
378
538
518
380
266
478
434
310
414
370
332
394
394
512
466
382
528
490
502
384
478
166
438
352
370
424
376
346
412
348
476
444
364
288
422
352
272
284
422
456
392
402
418
274
418
406
366
362
390
340
454
444
476
408
342
324
386
400
270
388
404
412
454
328
424
204
290
328
392
350
528
396
486
326
372
356
432
378
296
228
274
468
500
354
476
468
336
306
336
274
280
276
404
402
434
394
368
272
362
418
344
384
430
358
360
244
348
240
310
334
478
290
342
440
306
398
436
468
392
456
266
430
440
258
374
240
262
416
314
486
400
220
338
492
352
468
202
382
506
214
404
600
488
536
402
392
372
288
308
488
360
518
320
184
266
284
368
434
502
342
310
388
438
416
356
412
334
440
382
384
314
464
400
428
374
362
518
324
454
398
478
384
294
442
494
402
324
350
422
372
460
474
362
362
378
492
526
312
312
422
364
410
274
514
436
390
338
470
532
450
482
294
278
546
264
404
372
128
580
342
498
436
422
304
368
284
468
528
360
296
396
388
338
412
384
350
544
470
338
330
350
454
454
386
378
244
534
352
422
380
310
426
336
306
426
306
312
228
442
320
280
400
398
450
386
404
506
480
370
394
250
288
476
358
352
542
352
262
426
386
400
504
328
332
406
414
484
300
188
314
358
306
334
446
432
392
464
378
282
328
312
396
408
392
488
330
372
436
356
368
404
300
322
372
362
264
412
272
562
394
416
522
460
326
422
410
394
436
494
394
356
408
362
496
320
320
492
388
498
268
482
398
432
226
438
444
348
306
366
400
410
430
314
488
356
284
414
448
430
338
326
386
498
324
500
260
318
472
350
494
228
382
458
428
382
404
394
194
444
290
456
396
378
514
260
412
184
332
342
432
396
430
396
456
204
366
476
340
372
604
460
444
486
296
328
400
478
500
374
302
382
330
452
432
378
456
320
268
490
314
378
356
440
362
270
488
376
408
192
376
308
382
376
414
294
414
454
470
388
414
436
368
356
360
246
476
406
412
500
460
284
346
396
330
262
278
412
352
542
442
480
304
304
504
338
478
364
302
326
410
272
440
434
448
428
468
356
492
334
356
462
500
542
472
420
358
440
330
438
404
542
550
384
232
406
402
406
380
348
436
410
372
260
102
386
534
386
400
510
364
416
352
434
374
304
448
338
366
292
338
410
460
250
340
412
372
406
352
458
454
462
426
360
470
322
472
452
232
368
376
404
354
420
438
250
424
484
456
460
460
326
270
382
408
472
444
390
412
514
448
438
42
472
462
456
400
388
460
350
374
526
364
292
376
210
268
388
398
444
452
362
502
482
362
498
386
246
424
468
376
334
348
484
352
436
508
556
210
284
374
366
390
418
238
376
446
404
410
350
446
468
388
410
330
286
460
246
382
398
276
314
414
402
106
404
326
402
228
398
360
270
496
424
432
356
440
420
290
392
416
392
450
338
386
504
470
502
146
410
386
384
428
398
336
460
348
326
370
482
296
412
476
258
268
452
498
428
314
288
400
342
400
362
412
412
374
340
392
370
500
274
368
448
288
394
386
392
298
142
330
420
366
344
340
386
406
386
356
424
308
402
504
328
246
374
368
432
404
446
354
556
370
464
500
420
530
472
346
476
404
416
430
474
362
444
366
408
458
414
426
338
416
382
460
248
362
378
356
352
394
420
514
374
318
354
290
428
430
424
428
198
376
350
368
352
424
398
214
406
290
478
528
340
504
488
352
370
80
452
422
386
334
374
362
238
356
262
378
382
342
318
434
268
354
396
422
566
372
360
346
200
360
452
472
360
426
436
250
422
386
366
430
360
394
384
406
370
262
306
426
390
434
368
418
380
346
304
448
168
376
414
416
434
208
552
356
422
504
216
390
364
410
374
420
438
496
420
382
320
204
250
388
372
394
356
510
288
420
444
502
358
394
430
380
400
350
276
466
510
198
370
242
310
262
264
486
340
398
392
390
442
360
402
560
394
386
400
402
366
490
462
452
410
288
338
300
114
306
410
546
248
392
446
526
434
400
300
476
460
346
340
384
386
334
350
470
362
436
338
446
494
382
310
468
404
226
374
360
304
436
330
612
410
410
340
362
442
348
524
446
512
496
338
506
432
428
380
388
516
456
450
608
394
426
364
464
538
470
464
466
468
398
496
240
416
408
358
436
424
370
420
378
468
424
428
262
262
390
282
390
394
520
406
484
360
420
478
356
390
378
416
402
480
408
368
498
218
446
328
290
422
450
360
294
414
266
404
516
518
342
360
206
362
426
314
294
362
374
426
344
522
404
398
444
472
392
368
446
420
286
378
342
386
406
466
448
288
428
380
360
462
378
366
302
438
212
504
306
406
308
240
406
298
384
446
278
312
316
516
370
430
336
400
452
444
404
262
430
426
488
308
300
480
504
428
274
370
382
454
306
294
326
480
418
404
416
496
416
466
378
358
500
542
420
406
222
304
384
304
598
332
398
392
456
362
472
438
484
374
458
260
256
386
356
508
336
232
536
524
452
314
308
344
394
216
212
406
212
256
290
344
336
454
210
478
244
394
454
462
382
474
500
372
432
464
308
440
406
258
462
504
442
360
372
312
330
316
454
328
262
382
250
398
452
472
570
486
248
296
310
510
266
114
394
484
470
392
252
370
394
216
372
340
346
310
482
408
442
440
476
414
418
490
526
404
394
294
288
290
88
532
450
242
412
384
566
308
356
378
354
460
482
366
428
482
334
386
354
532
446
394
312
350
328
374
306
394
368
414
382
418
302
402
410
516
452
350
324
456
360
462
312
242
458
416
456
532
356
376
432
496
436
244
330
398
432
446
376
304
428
356
506
440
254
288
338
540
504
550
296
244
412
336
482
306
396
296
442
480
488
268
316
402
478
452
246
412
448
476
512
298
454
374
452
242
426
382
316
234
308
526
466
442
260
364
430
438
480
278
380
354
392
484
6
444
382
482
422
394
284
506
384
288
398
446
456
454
442
426
436
454
368
330
462
382
316
316
360
398
376
530
436
392
316
340
412
446
506
448
428
166
426
480
356
444
492
384
252
360
342
438
364
342
478
430
340
212
406
350
370
394
464
442
270
472
492
224
512
406
460
308
374
332
156
418
506
344
324
486
424
294
464
418
336
476
474
394
502
488
352
386
358
358
342
412
438
232
328
534
432
384
298
418
514
384
288
232
446
438
228
378
248
374
474
376
486
396
392
434
428
412
408
324
244
214
350
452
464
298
340
418
338
370
350
412
472
392
412
364
380
264
448
312
486
308
328
314
444
320
408
412
476
442
286
454
370
370
438
362
530
400
502
524
352
452
368
366
476
396
502
388
282
374
378
336
428
472
396
488
354
454
334
312
370
494
238
448
430
320
530
464
344
108
376
388
548
368
332
236
340
294
404
458
294
380
602
338
394
452
320
552
410
568
414
358
388
414
304
410
534
254
178
234
468
370
296
462
360
446
276
368
482
446
492
272
396
412
400
446
508
272
406
344
344
518
264
426
316
460
372
426
454
292
406
222
506
326
362
332
286
416
436
448
388
362
492
432
182
384
208
340
316
386
326
418
444
212
356
504
402
400
380
322
346
282
254
418
380
416
208
342
400
320
488
388
322
252
356
390
388
356
258
372
364
238
394
404
396
398
398
396
478
462
314
362
406
346
342
418
482
388
424
500
364
396
414
412
412
356
538
332
466
476
256
430
258
416
280
474
374
486
372
514
460
322
408
460
406
402
234
380
374
364
524
424
434
418
316
396
428
374
376
370
480
446
366
436
396
346
106
272
382
358
546
462
466
188
284
456
296
340
452
420
490
446
392
342
262
470
370
258
396
394
434
436
508
402
336
418
354
334
452
324
418
482
212
344
490
406
550
164
386
448
262
418
478
330
408
372
338
400
490
572
478
454
512
410
544
482
340
388
472
374
304
500
292
436
494
386
404
334
354
446
452
458
422
362
390
28
272
408
394
452
252
508
320
444
426
450
452
392
596
464
302
408
370
466
218
332
278
438
294
316
340
458
384
496
360
492
252
346
450
350
440
368
290
392
330
424
418
460
410
340
438
418
376
510
382
344
370
454
462
432
428
368
504
346
554
308
128
472
332
462
362
482
294
454
466
298
396
480
422
368
506
342
234
12
352
370
458
326
396
324
234
394
316
436
532
358
354
328
400
406
380
340
360
386
434
444
300
372
550
358
462
360
268
452
366
384
414
466
294
382
272
420
374
454
286
498
418
426
458
400
288
324
412
434
470
344
204
252
444
342
412
414
402
458
430
256
370
300
444
454
316
402
536
366
346
428
364
322
336
412
452
318
338
270
532
388
308
284
488
348
428
508
364
388
480
376
394
460
440
322
428
314
454
386
322
284
308
286
442
298
334
382
464
448
436
414
420
422
354
320
490
384
472
416
368
374
310
522
326
378
478
556
328
540
374
254
322
316
546
208
316
380
340
386
270
466
358
298
428
428
402
254
346
318
438
420
428
358
368
416
374
410
358
380
338
414
286
534
436
464
344
482
380
340
378
416
364
132
546
322
356
384
476
478
496
522
210
548
416
302
276
474
380
416
484
426
456
420
524
412
442
408
370
410
276
406
398
494
394
504
382
450
384
412
430
446
462
366
258
406
426
438
366
412
434
476
316
304
436
508
270
498
406
340
508
374
432
482
316
454
392
462
418
394
376
340
376
474
432
350
444
476
460
412
462
444
304
436
384
360
534
370
330
400
364
540
438
406
402
416
420
424
404
428
98
458
452
544
292
478
370
436
390
154
434
434
356
342
312
438
550
452
402
354
470
354
328
270
372
506
276
318
408
352
374
470
458
324
450
322
288
430
370
320
422
404
288
334
356
340
338
490
566
416
418
256
520
384
308
346
318
384
334
356
258
540
334
372
392
484
510
322
356
456
498
456
356
460
404
374
314
484
376
304
414
502
492
456
328
508
188
334
450
396
480
422
398
398
518
380
238
456
458
384
340
180
356
400
250
250
406
268
490
398
380
438
400
472
480
414
394
196
412
416
258
492
480
320
226
492
496
392
522
498
224
328
374
474
436
282
382
514
370
390
522
360
386
444
410
464
368
458
400
408
486
506
374
386
348
382
506
470
396
374
460
346
384
262
432
392
352
460
262
412
270
416
432
342
520
282
352
346
424
372
458
490
422
530
336
420
378
284
492
314
348
248
358
346
460
240
452
582
470
468
230
412
366
320
416
432
394
370
332
448
344
502
426
322
430
318
358
362
530
266
382
434
506
380
194
410
296
398
400
380
458
388
444
468
438
320
444
418
466
456
302
302
286
526
452
426
418
402
322
244
398
428
338
304
306
418
408
396
474
380
452
444
460
442
336
416
372
434
414
402
404
520
380
406
146
492
352
478
478
412
236
310
332
390
298
416
356
368
484
382
476
426
170
424
434
394
244
366
360
448
374
470
398
292
320
448
360
406
496
432
410
406
458
448
346
292
284
454
264
290
402
388
396
384
376
392
546
490
450
446
346
442
472
394
344
422
328
300
448
216
414
420
408
512
542
494
522
354
216
454
384
184
292
324
552
450
394
474
490
268
308
520
436
540
356
370
360
390
416
336
404
480
276
356
394
544
352
298
242
394
420
486
372
396
358
334
222
296
286
376
328
546
360
430
428
362
404
244
280
442
412
332
358
446
500
452
452
418
452
500
338
524
90
354
480
300
404
280
420
418
368
422
366
448
400
358
286
356
318
330
164
416
524
434
448
348
334
396
330
428
344
524
356
422
360
458
362
376
376
324
304
402
466
368
326
530
484
324
498
294
240
312
350
348
388
384
346
324
282
450
430
278
518
306
510
470
450
378
324
486
284
322
432
286
504
358
422
316
372
444
364
540
374
468
506
478
452
460
456
312
296
444
324
464
354
422
214
228
544
330
396
432
408
390
458
442
390
496
276
482
344
388
286
466
328
420
162
386
394
428
178
396
382
350
438
282
298
486
334
338
272
358
414
498
498
270
386
490
202
374
414
406
472
296
390
260
490
396
264
344
422
396
406
442
252
252
372
422
450
482
472
450
526
326
112
326
238
606
338
466
304
404
294
432
458
326
486
436
408
396
418
306
308
362
338
410
338
210
340
402
234
378
432
360
484
382
398
378
430
384
386
290
470
344
372
462
430
276
446
464
522
446
376
386
318
348
526
292
358
340
260
342
286
374
462
310
440
414
532
488
346
290
378
270
414
416
432
302
220
308
458
248
358
400
292
340
340
400
494
332
370
406
226
374
408
340
326
360
344
430
414
406
420
328
384
376
402
296
160
452
302
418
372
462
344
38
450
454
302
452
440
476
426
426
412
406
440
462
626
340
512
366
390
524
322
470
484
526
264
400
378
462
410
470
368
402
468
186
400
386
406
416
316
372
334
234
376
440
444
374
400
314
484
344
242
264
416
398
342
418
292
436
374
406
458
408
276
306
350
336
448
354
354
434
444
344
308
224
366
324
264
294
386
338
300
366
432
152
464
350
328
486
420
468
342
384
462
314
304
476
548
310
276
320
302
336
450
396
324
314
324
392
364
484
328
482
428
390
428
452
304
400
410
338
460
384
398
294
344
270
328
356
196
382
178
342
366
246
504
416
314
310
10
442
490
480
394
624
396
382
374
370
422
464
534
594
374
408
516
458
380
356
434
466
326
406
342
458
486
86
212
438
390
316
444
344
426
382
410
326
574
392
280
380
350
450
498
514
432
478
328
274
454
424
544
398
412
400
354
388
344
290
288
340
500
454
470
342
374
412
264
406
448
354
474
290
328
440
372
402
282
436
440
382
490
294
452
300
448
402
564
478
350
510
348
420
322
312
298
436
478
392
336
396
522
324
408
298
350
424
380
514
424
568
296
354
484
366
442
362
392
336
454
344
366
404
532
412
384
390
264
358
290
290
512
308
418
516
424
414
198
298
308
444
294
370
488
426
394
412
380
288
336
430
336
270
452
318
414
328
388
486
304
320
394
358
320
302
442
550
334
254
378
306
386
388
180
406
272
384
438
314
498
432
290
330
378
242
292
500
540
436
490
244
382
516
546
540
386
426
324
442
436
510
466
330
328
450
482
304
304
506
410
418
246
382
442
438
452
422
390
476
368
476
314
436
370
436
318
320
420
464
224
350
396
362
472
394
346
480
542
330
390
382
422
410
348
320
278
554
338
322
308
456
366
126
382
472
468
92
216
302
292
264
370
452
422
472
326
470
324
482
368
616
428
354
386
540
210
432
334
276
316
356
378
440
466
362
380
388
364
422
398
482
430
450
372
382
482
260
268
374
278
470
408
320
382
468
384
370
320
358
484
426
408
370
438
364
344
462
388
606
472
502
246
406
330
410
306
348
444
352
368
256
482
390
326
426
408
424
494
492
570
260
376
260
338
300
444
486
418
250
384
348
432
428
500
516
404
364
404
226
396
408
358
358
364
422
438
360
562
284
360
190
394
376
302
470
340
364
246
320
218
324
258
370
360
392
368
496
410
420
502
290
220
486
390
358
390
352
344
476
376
348
376
424
344
402
368
302
470
214
448
412
438
272
360
460
366
340
406
468
334
386
452
436
310
268
394
468
420
466
356
436
342
326
382
462
470
258
310
512
410
288
352
344
460
498
270
384
420
254
266
348
432
462
450
484
568
304
238
376
370
252
216
378
362
384
398
472
236
488
386
334
314
414
484
206
346
490
472
304
428
336
406
320
300
290
290
338
362
214
420
586
384
254
460
514
364
432
194
410
362
266
146
570
312
408
364
412
482
218
242
388
366
360
490
332
448
308
292
434
366
528
186
364
236
338
416
382
398
430
316
200
450
338
418
446
540
326
370
416
530
380
376
358
334
460
498
410
468
444
270
426
416
308
418
434
504
278
284
326
366
332
448
326
382
318
352
414
400
336
468
354
468
428
392
280
82
358
438
320
376
488
458
340
350
222
558
310
412
440
502
410
372
500
274
394
456
370
366
516
324
418
462
374
458
290
378
398
366
414
452
560
426
336
482
266
344
232
490
370
412
332
484
324
418
280
296
398
432
398
174
408
342
382
220
408
536
486
448
566
470
466
446
398
444
286
462
336
464
376
400
512
354
382
410
388
348
328
102
298
280
424
420
312
334
488
458
348
384
318
444
496
482
454
472
332
484
422
432
292
284
382
394
366
514
434
464
460
398
140
482
514
338
426
356
452
468
276
362
174
438
358
362
362
340
432
382
192
554
440
360
336
302
412
446
382
298
386
372
332
384
444
456
466
208
410
374
350
540
458
456
412
162
480
472
564
266
416
176
338
316
328
464
500
308
440
348
438
304
250
330
430
350
442
428
356
372
330
296
332
386
416
342
328
378
382
402
272
258
218
452
336
300
406
278
412
432
276
392
280
346
426
360
230
362
496
234
344
348
510
474
452
348
500
440
452
332
496
440
476
426
386
388
526
338
446
422
376
292
328
372
436
476
282
432
436
388
378
332
376
414
382
408
434
430
484
418
268
506
332
222
366
380
306
418
380
328
404
478
424
512
300
334
386
452
594
452
366
260
272
268
468
414
268
386
490
534
474
412
416
342
344
262
422
464
360
358
464
472
416
308
388
356
320
502
456
430
428
382
444
276
334
358
588
506
398
306
444
380
464
390
456
456
366
324
288
256
346
360
404
400
440
128
374
502
302
420
366
518
318
442
282
328
408
250
264
420
322
436
432
328
326
380
352
430
530
282
446
414
406
304
364
260
382
336
408
350
260
388
438
368
236
370
342
332
360
462
350
330
408
274
482
308
396
440
454
378
270
402
400
492
460
452
294
358
360
384
440
238
336
352
506
398
328
200
298
318
424
446
322
398
464
292
378
436
308
346
534
240
396
398
310
424
348
418
274
356
360
514
264
364
318
484
450
302
366
264
340
270
370
418
342
352
424
404
496
478
386
304
468
328
362
374
414
450
420
474
388
304
382
248
480
388
328
472
388
234
514
346
322
476
462
452
276
358
414
416
376
516
402
442
380
402
146
306
276
448
388
396
426
486
330
208
312
260
508
482
328
360
386
428
432
496
32
380
352
198
532
342
532
548
478
342
464
536
304
526
304
414
362
308
396
438
494
332
322
442
542
362
364
432
440
344
318
414
312
440
332
372
402
226
424
286
370
440
420
318
378
524
430
356
410
330
394
370
564
256
244
394
490
308
400
346
368
488
322
386
406
454
332
248
294
342
380
382
380
336
300
302
434
388
352
252
400
396
276
454
304
320
430
284
302
232
404
340
462
390
292
362
436
464
508
524
512
446
316
352
386
290
362
480
372
366
360
498
522
518
420
372
510
496
416
210
346
380
390
414
404
230
358
402
294
348
322
280
466
416
364
508
388
474
356
340
428
418
304
386
332
414
382
312
436
414
332
464
440
484
234
448
308
348
410
324
336
524
244
232
298
288
358
328
206
258
354
366
426
462
484
398
368
206
322
394
426
496
378
190
620
364
478
548
484
390
276
500
340
406
330
304
378
248
420
326
446
370
528
354
496
470
428
498
324
280
322
346
402
430
278
458
428
374
372
406
580
458
294
460
422
518
278
430
326
292
404
390
320
486
580
426
356
576
368
518
456
270
490
438
416
306
388
422
400
448
484
320
548
380
514
418
232
404
380
514
430
420
532
434
282
402
354
422
182
440
370
418
476
426
324
424
494
416
482
426
442
342
414
364
246
338
432
318
360
382
456
398
174
252
334
434
484
372
256
446
70
378
262
442
362
390
370
386
424
394
230
312
276
380
432
518
364
374
304
452
438
352
440
346
436
348
308
312
412
364
424
380
250
396
308
410
370
262
396
388
320
342
454
304
396
428
342
536
324
332
392
300
384
414
320
404
520
404
344
336
336
478
374
354
464
406
394
332
218
330
456
512
358
314
354
450
298
324
424
476
388
568
496
408
368
360
408
474
438
210
542
372
364
426
492
338
376
264
476
326
428
384
386
438
454
204
482
308
590
434
328
448
310
426
388
414
346
496
342
454
470
404
414
398
368
398
446
472
360
232
506
440
474
302
382
444
382
382
6
472
414
246
372
374
398
386
464
294
398
298
350
470
482
206
338
370
284
396
356
446
268
470
520
358
430
316
508
506
496
452
394
426
382
386
468
294
344
238
432
410
390
452
422
452
408
422
364
452
464
292
406
432
416
304
438
424
456
312
288
390
340
340
338
378
368
354
278
502
424
324
410
324
286
228
328
424
452
394
376
464
354
436
430
340
484
370
324
386
362
396
532
372
342
464
392
482
404
524
350
416
426
274
380
504
412
390
360
434
332
394
414
242
426
436
368
312
408
444
392
398
396
356
346
506
518
504
578
336
550
402
376
420
396
424
310
492
342
452
346
272
414
326
430
388
378
342
462
324
334
466
520
434
392
364
410
366
446
318
334
454
468
374
374
328
288
316
320
358
468
114
386
448
516
368
382
330
298
290
338
362
398
398
328
406
508
462
368
376
480
448
348
326
286
398
394
372
498
302
392
350
254
430
394
284
312
448
488
350
360
500
444
350
216
480
360
396
424
602
362
234
324
418
498
512
468
354
376
296
670
498
320
392
504
420
274
264
468
398
310
322
366
412
526
376
236
410
458
446
356
496
432
438
412
454
322
412
452
440
420
390
472
356
300
452
480
490
484
330
274
504
306
390
456
284
404
424
412
410
374
362
406
308
226
440
194
302
312
360
370
434
346
294
496
308
490
458
398
390
298
416
456
420
160
332
282
376
378
386
454
452
396
466
384
448
318
340
424
172
482
218
424
418
306
418
378
370
316
474
332
122
400
206
380
456
428
408
470
352
510
358
470
200
372
434
308
508
258
406
346
306
346
438
268
376
352
388
476
234
306
496
522
432
370
262
380
398
362
496
374
264
366
170
256
464
426
362
268
432
460
470
424
428
486
422
298
470
386
372
192
476
570
352
388
402
304
400
438
486
454
374
342
428
474
484
282
352
268
430
360
364
454
426
400
462
354
416
512
260
516
324
208
378
452
410
408
356
498
454
442
314
474
562
352
436
338
400
250
464
542
430
242
216
502
140
358
310
298
510
372
564
372
336
448
246
426
346
326
428
242
404
284
404
402
368
304
350
298
270
458
522
370
328
386
416
354
334
452
502
402
422
374
150
318
358
484
226
288
436
322
406
404
374
114
416
342
228
472
462
330
282
390
394
546
348
434
446
258
270
510
356
376
322
478
346
368
428
236
444
300
398
290
382
434
328
488
340
442
384
438
374
400
402
408
400
320
448
472
398
480
382
316
444
352
398
146
316
362
298
504
304
418
442
274
336
416
324
312
452
330
256
320
330
526
380
336
316
470
436
246
420
266
268
358
344
74
378
390
356
422
324
430
124
410
496
402
276
496
148
396
422
400
338
520
384
492
418
256
418
482
414
430
352
308
504
296
366
454
486
448
448
542
320
470
448
436
394
348
394
416
386
428
392
418
412
204
368
390
456
386
246
398
324
344
488
338
512
390
328
324
310
266
414
350
366
420
448
436
524
444
406
328
440
316
408
276
158
436
266
504
306
400
536
268
362
292
362
422
128
422
514
474
462
330
596
514
430
484
414
394
332
398
424
466
442
464
440
494
278
412
434
426
498
386
444
444
412
318
534
352
328
550
380
384
386
372
424
272
288
306
322
398
326
376
290
370
428
356
398
328
290
478
472
474
414
360
232
434
476
414
250
364
494
438
284
388
278
354
370
292
310
476
342
322
340
366
284
208
412
500
342
304
250
450
340
386
350
408
506
288
458
430
222
230
484
504
560
272
374
402
452
426
352
372
476
408
486
326
428
556
432
432
436
308
374
438
308
310
456
576
446
350
370
450
424
318
264
398
420
384
374
424
272
490
278
386
344
260
494
360
366
482
418
336
424
400
498
450
344
392
346
490
348
426
402
306
430
368
430
364
252
440
438
416
464
292
338
238
226
378
450
380
250
474
404
366
322
522
424
308
466
254
358
366
314
454
422
392
532
462
354
360
274
406
468
452
328
268
434
470
490
514
444
458
484
220
450
378
336
328
206
308
324
192
358
456
320
436
346
334
324
396
344
372
410
410
448
310
436
364
520
480
284
380
360
252
314
356
314
454
480
434
378
122
498
370
334
458
426
342
312
332
436
538
478
346
530
500
352
532
396
300
396
382
456
362
356
416
286
356
436
300
418
390
362
478
438
318
490
400
452
424
404
328
278
152
426
430
346
498
162
376
408
294
540
466
400
466
404
352
408
290
278
488
422
486
372
466
416
318
500
522
346
388
298
368
344
390
420
408
364
254
258
350
352
334
454
270
246
336
422
404
390
258
316
338
302
362
398
320
376
482
320
416
354
414
412
584
256
404
430
386
468
288
434
426
342
384
346
336
406
476
486
440
242
360
400
492
358
424
312
348
460
442
492
342
472
402
378
274
394
362
366
336
356
392
414
316
282
242
280
532
472
362
448
348
380
410
486
380
420
394
328
316
282
440
410
438
426
366
296
338
346
410
520
502
362
390
436
412
374
306
420
360
394
388
470
552
364
446
472
328
92
314
426
358
424
406
260
370
332
454
468
438
446
390
510
376
374
496
470
298
296
414
218
324
242
334
236
240
374
512
262
234
434
350
332
384
382
310
374
348
514
434
396
332
522
334
350
372
364
456
430
470
408
272
416
370
456
554
422
408
520
454
426
212
464
440
446
390
368
396
248
514
448
322
304
422
360
318
604
442
398
444
324
544
372
494
442
380
436
352
430
404
398
278
408
428
424
270
418
294
380
404
340
240
268
436
380
382
322
488
452
296
406
294
492
384
364
206
472
418
356
388
460
304
364
482
330
316
326
428
492
466
316
568
408
388
370
542
270
396
214
362
356
288
456
366
306
496
408
324
326
386
390
392
436
398
428
304
444
476
452
268
500
450
456
420
412
468
378
562
350
398
514
274
440
450
362
434
318
268
554
402
400
506
500
362
416
470
466
368
340
514
406
460
366
194
436
276
214
318
406
344
426
284
266
352
396
376
400
506
440
386
414
400
300
296
410
346
342
362
362
280
428
334
350
334
170
396
574
406
364
358
420
406
396
28
416
434
392
532
324
534
378
422
298
390
308
478
404
392
350
188
388
402
322
356
412
338
384
454
350
406
446
536
352
288
392
362
196
426
364
172
384
446
362
354
482
460
300
400
314
490
500
432
234
334
484
256
504
294
456
462
536
372
378
506
376
384
486
282
326
412
496
430
334
524
380
398
424
484
444
286
238
338
400
502
272
458
360
308
444
456
462
334
454
514
432
406
390
294
58
628
476
428
340
316
404
556
318
276
392
304
432
442
314
276
384
318
406
390
348
388
408
450
570
334
394
410
376
472
334
522
322
438
484
464
216
440
496
352
384
308
372
378
388
406
398
482
450
444
246
320
450
330
258
464
376
430
548
32
404
424
288
490
378
366
454
440
298
438
360
298
274
236
444
338
510
286
416
452
336
416
292
374
380
458
356
408
450
422
282
444
432
300
412
340
394
370
400
234
462
400
388
474
344
476
346
482
442
414
416
374
308
424
368
170
332
258
306
306
540
272
418
298
374
396
380
486
496
344
458
402
354
338
500
350
360
476
354
428
486
420
228
502
416
468
544
460
316
304
526
464
256
348
340
422
334
386
288
308
422
386
500
464
388
504
374
352
350
220
368
414
434
350
404
390
442
338
346
330
240
378
420
386
422
308
372
254
336
232
192
434
464
452
340
476
256
330
458
340
510
300
458
296
318
334
310
354
382
388
290
374
424
340
446
500
230
380
316
386
314
432
234
330
458
426
552
430
234
440
346
492
334
222
408
284
438
264
494
296
450
404
432
364
452
458
432
442
392
512
446
548
514
330
536
496
562
452
252
404
346
384
470
438
418
418
428
346
414
430
330
432
334
406
328
408
318
336
436
440
276
362
350
160
394
440
408
384
560
310
392
444
408
388
428
258
322
114
368
396
372
404
282
464
326
206
336
340
314
300
404
356
492
490
314
502
442
282
388
494
366
158
266
222
354
408
278
552
450
330
448
442
496
398
496
404
196
420
366
374
328
270
316
520
422
348
516
336
486
318
390
486
324
486
478
394
342
344
406
388
196
448
388
374
316
456
318
396
424
366
416
296
388
344
386
454
408
472
302
488
258
148
422
182
440
390
404
624
488
268
322
356
250
216
346
496
352
240
450
382
320
456
494
438
468
406
258
290
430
322
438
392
402
358
272
286
412
366
500
232
398
370
294
404
298
434
406
458
354
442
232
348
368
368
322
422
344
412
250
406
198
380
486
478
428
250
362
312
554
252
392
392
378
368
432
338
344
470
272
428
414
446
376
490
364
500
400
450
374
494
432
398
480
394
358
300
412
440
262
208
126
430
434
460
236
426
402
526
376
406
264
396
348
276
432
512
320
340
418
448
338
390
302
458
324
494
448
336
452
344
322
532
278
530
268
364
446
290
208
438
378
326
344
388
340
450
324
380
460
308
338
308
400
344
402
262
542
382
418
438
464
338
500
434
304
300
356
332
422
334
420
382
412
346
424
382
394
272
504
242
356
192
388
390
452
474
394
332
350
316
324
356
400
470
518
392
354
288
340
454
216
432
364
362
394
482
434
392
330
384
514
284
378
328
282
440
208
376
346
602
370
382
374
382
376
372
288
402
218
450
464
292
340
486
440
460
396
350
482
400
280
296
388
198
352
182
534
418
314
420
478
310
322
408
288
452
386
396
366
502
326
366
376
360
306
430
286
424
392
346
408
498
280
322
280
326
404
338
218
374
280
466
318
374
440
220
362
250
404
316
280
368
374
296
460
376
296
482
594
346
458
312
334
320
416
412
476
494
436
348
474
530
364
362
408
306
540
416
448
396
330
402
486
372
210
422
530
244
328
340
418
478
326
454
360
350
436
284
400
278
256
326
314
308
336
386
386
358
284
326
288
296
354
466
594
420
264
420
378
374
270
216
408
386
436
434
458
494
418
424
384
258
332
464
478
298
414
362
406
448
502
410
514
436
414
340
372
118
540
360
386
286
400
296
474
430
396
362
380
566
376
398
372
498
424
422
432
418
370
460
490
436
458
512
418
358
552
272
378
376
496
320
450
326
432
440
410
338
522
440
448
430
216
430
340
434
526
296
328
244
544
370
150
348
330
372
6
362
560
488
468
462
384
308
326
492
440
366
406
482
356
208
336
308
488
374
458
300
348
426
472
282
350
370
304
298
416
526
244
418
410
476
458
378
560
442
202
316
128
266
402
284
350
402
350
256
598
228
296
350
352
402
468
458
370
374
388
212
368
438
438
536
412
434
516
530
284
348
386
364
276
390
542
464
442
368
330
460
376
234
354
350
474
142
404
320
288
514
360
472
306
216
334
314
410
326
218
412
318
404
378
248
300
98
442
454
452
290
430
470
460
552
338
426
406
262
194
448
352
452
402
318
400
312
512
386
474
428
358
424
378
330
422
286
488
404
434
330
372
350
414
230
402
458
494
328
436
448
320
436
524
384
402
370
288
250
308
392
338
368
430
388
404
552
284
234
282
290
384
340
422
366
412
488
326
304
480
406
420
310
420
290
318
452
560
352
404
480
36
402
232
370
414
518
398
386
446
348
354
322
310
422
378
410
442
394
480
372
330
416
418
408
426
446
476
348
500
290
394
512
432
392
376
408
458
332
244
396
360
360
356
386
406
452
486
454
504
418
336
558
384
402
306
460
420
370
366
558
394
356
464
340
396
574
372
438
380
428
334
238
462
350
438
372
430
270
428
340
372
332
484
342
448
406
372
450
406
408
506
326
328
552
190
444
458
514
302
444
420
308
374
420
452
272
422
442
250
482
306
326
336
536
400
468
294
482
376
344
444
424
360
310
266
454
390
338
364
346
450
378
386
442
500
464
474
444
286
400
270
302
478
482
398
292
376
432
464
414
384
386
468
372
440
362
388
490
422
428
362
244
472
518
458
466
434
494
360
386
512
486
380
504
334
480
298
260
412
424
484
344
326
476
264
266
392
330
424
438
318
328
378
376
436
368
252
372
436
464
334
422
474
402
436
552
450
402
320
286
578
208
338
208
208
456
490
410
302
402
152
310
512
454
542
376
356
508
324
426
440
426
338
424
552
388
526
348
480
336
360
262
292
270
500
450
398
352
494
478
404
362
364
472
402
290
492
456
384
344
464
406
340
512
340
280
398
394
400
376
368
484
422
510
430
332
308
352
502
342
296
370
408
354
390
382
438
468
432
338
274
368
354
350
276
330
382
372
218
326
336
228
320
490
446
456
452
346
340
360
296
436
608
408
494
394
322
382
340
450
392
292
454
340
344
420
472
482
476
392
406
280
330
442
448
346
372
316
384
420
472
292
468
298
204
374
356
216
302
376
492
524
516
214
454
486
262
414
392
262
516
448
410
390
296
506
304
548
252
408
348
386
366
384
204
250
414
480
406
410
386
480
302
228
306
478
396
340
454
378
328
286
306
320
366
404
396
440
450
446
412
392
466
472
482
434
376
376
366
424
474
304
332
328
428
446
288
402
342
218
356
394
358
308
324
386
482
428
376
438
264
270
366
428
308
76
310
380
450
482
502
420
278
284
440
316
350
216
402
384
334
494
340
366
304
406
286
296
300
438
354
346
406
420
464
346
494
274
302
344
406
444
378
574
374
288
360
280
358
322
428
496
446
404
420
424
216
484
354
264
300
308
242
502
338
422
388
358
486
386
360
408
412
266
478
464
408
432
226
276
360
372
328
338
562
288
456
364
396
302
392
300
288
386
288
414
390
442
386
520
354
406
270
488
328
322
424
314
422
356
314
370
390
298
482
336
386
542
496
436
390
302
420
258
218
378
350
376
410
400
408
424
464
488
434
432
356
462
464
436
376
376
446
396
394
514
372
414
404
490
534
298
476
336
404
506
382
418
578
394
240
320
448
360
466
324
342
420
380
362
310
408
426
446
366
336
374
402
364
386
192
380
322
384
296
462
410
216
280
436
278
342
402
386
372
316
230
392
350
430
414
362
236
326
452
478
442
328
436
492
372
382
400
400
308
452
308
532
206
314
364
338
380
290
382
342
384
514
480
420
362
384
146
372
354
384
470
258
322
286
522
394
516
394
338
362
380
412
466
480
324
218
416
482
450
446
214
290
290
408
414
370
418
384
380
380
452
510
454
484
410
458
490
500
478
450
488
310
490
454
194
486
392
450
366
378
430
488
346
222
308
364
346
488
368
434
354
368
336
326
496
280
396
396
310
338
438
488
404
272
486
464
436
324
440
270
496
276
508
402
586
434
390
458
366
464
530
322
366
408
422
262
442
314
336
370
472
404
434
380
366
342
404
322
374
484
352
444
382
344
324
280
390
348
286
544
382
460
402
380
272
342
344
56
404
418
436
414
446
362
278
384
408
410
426
460
348
440
356
422
222
414
374
478
304
324
428
482
256
504
412
386
424
470
264
366
314
534
286
466
474
272
426
262
372
430
356
482
472
426
474
388
320
378
366
534
412
404
402
494
386
428
482
436
370
396
370
272
326
440
304
456
456
340
346
278
396
430
428
472
282
492
468
526
414
480
262
392
368
406
368
326
416
398
372
426
372
370
344
410
330
352
344
380
422
488
388
368
374
438
304
404
524
492
318
364
398
368
370
334
346
482
438
396
358
314
458
418
396
276
424
342
326
318
300
376
390
334
308
456
230
236
358
400
486
438
444
508
364
272
308
102
412
370
402
356
410
388
404
452
382
440
360
406
452
418
348
422
342
342
364
348
448
474
468
348
344
350
380
152
318
318
250
480
382
374
344
322
408
334
356
436
440
440
202
370
298
454
468
392
450
424
206
388
166
344
386
336
492
410
364
402
346
322
414
522
426
292
374
370
458
356
258
354
232
444
514
416
268
348
404
324
440
342
414
538
246
330
292
504
450
562
338
412
496
480
552
422
452
384
286
466
404
298
318
370
448
306
516
426
398
410
394
410
558
404
444
312
470
332
406
304
364
354
442
450
570
266
298
406
444
486
262
442
400
342
352
212
320
454
296
386
272
284
340
366
196
418
300
416
270
436
390
436
526
462
428
306
350
322
438
408
356
414
504
354
398
390
350
334
460
260
450
438
338
492
280
564
420
326
442
526
468
310
346
286
28
294
390
412
424
492
322
320
500
472
446
418
502
376
368
482
284
374
414
300
222
228
488
418
370
526
500
406
276
198
420
476
372
482
540
444
428
382
366
462
444
494
342
282
178
442
308
376
454
374
304
300
462
434
422
414
154
460
442
444
400
386
322
326
446
350
320
524
396
368
384
370
378
370
332
310
428
498
430
550
402
430
398
458
374
432
292
258
374
490
346
510
280
414
410
182
496
432
204
266
404
304
400
338
312
398
456
344
512
334
346
416
440
470
330
398
386
294
370
284
436
384
302
432
300
380
426
384
308
390
296
400
364
366
456
330
390
384
458
392
442
362
364
482
536
520
356
424
514
280
492
500
268
404
360
306
278
344
358
310
402
394
394
244
376
480
382
246
392
286
360
356
286
370
358
214
290
462
430
380
426
428
302
270
412
340
426
280
384
324
360
376
496
546
384
364
396
354
272
412
354
328
302
318
320
430
454
384
556
450
432
352
170
358
304
352
322
388
208
464
456
396
346
170
532
360
396
344
350
380
370
290
446
366
508
500
548
316
496
316
352
286
500
466
436
388
432
342
480
432
440
326
454
388
256
340
456
306
530
472
406
432
298
432
188
408
412
504
290
298
422
480
370
352
442
242
502
380
236
468
462
328
346
366
490
532
310
322
304
390
386
226
360
290
360
508
404
456
382
546
278
456
376
282
472
418
402
574
324
550
432
462
288
384
484
182
286
438
434
492
438
402
330
416
550
414
436
418
412
508
360
386
286
426
396
430
376
416
326
254
400
392
466
328
468
474
382
380
524
394
362
506
366
266
320
438
372
460
402
344
386
298
306
320
422
428
508
522
418
456
370
526
334
478
344
376
446
470
466
474
332
382
362
286
480
516
342
516
482
450
342
332
448
428
370
256
266
402
330
288
476
486
280
374
344
476
414
518
452
424
474
434
478
252
384
452
354
328
300
416
556
490
322
374
460
324
402
366
308
414
498
382
404
450
396
276
436
432
468
376
434
296
302
310
370
370
374
382
452
302
206
398
286
356
246
408
398
508
456
372
476
318
316
398
374
378
286
408
294
514
470
400
368
450
508
378
636
336
424
392
270
448
272
370
460
446
382
384
268
474
400
394
392
306
376
426
148
490
362
484
474
380
398
424
418
582
306
320
268
514
338
544
452
382
520
292
460
384
416
410
426
416
386
436
306
352
286
560
466
426
368
372
406
336
268
188
338
434
294
384
384
250
350
562
380
552
456
394
354
420
490
422
424
380
532
354
380
268
366
114
388
294
486
422
428
382
308
504
388
356
384
368
376
418
234
518
460
366
434
170
286
372
430
418
350
458
334
386
478
376
400
282
392
348
384
454
232
486
344
256
234
458
296
488
384
410
502
360
448
372
410
472
524
482
398
436
386
356
462
446
288
404
444
346
434
472
404
402
504
446
446
174
482
322
400
324
268
382
502
438
482
344
308
454
484
340
376
422
526
422
426
402
404
598
334
90
372
452
396
350
372
448
406
456
294
352
362
380
302
290
340
450
286
410
434
332
394
342
368
412
554
500
458
416
402
408
426
316
292
206
450
412
460
422
414
316
474
424
420
320
180
390
460
462
332
378
472
328
224
542
292
494
262
338
324
486
410
424
466
214
390
498
380
534
428
434
266
262
422
310
564
386
426
348
402
522
412
324
322
420
270
306
304
46
228
348
428
430
314
360
364
536
338
486
480
282
460
394
350
498
504
554
352
384
452
434
410
476
410
356
258
352
360
436
316
488
340
308
270
416
322
406
370
252
444
312
470
368
286
328
328
330
332
254
360
352
450
484
302
408
624
336
330
468
388
348
430
374
476
370
404
454
460
390
202
300
446
460
366
198
406
374
236
178
184
404
410
362
430
264
212
284
362
350
502
180
40
284
416
368
540
338
368
292
290
462
262
430
428
440
302
404
318
322
484
466
364
368
428
336
266
418
312
412
394
450
334
416
394
348
406
324
422
350
368
454
426
342
474
278
374
418
260
368
346
442
348
256
390
540
376
468
388
340
396
378
366
410
428
302
408
460
382
374
386
188
448
410
500
300
346
474
414
394
488
346
500
382
434
338
326
474
470
528
462
440
276
394
410
310
450
454
218
370
450
438
438
388
438
234
298
362
402
232
396
396
360
484
442
446
460
392
406
396
418
330
502
380
400
404
436
432
244
456
232
446
374
332
308
306
426
408
326
436
436
450
256
434
332
204
370
290
336
274
452
528
370
346
476
370
232
374
402
446
352
348
358
528
390
296
376
310
376
308
390
418
278
284
362
412
368
430
438
410
318
456
420
376
376
250
400
296
346
396
482
358
330
362
488
296
390
352
450
418
202
336
418
526
356
492
288
424
448
350
220
380
432
282
382
318
358
370
420
354
288
430
364
460
262
528
350
434
272
496
334
352
388
444
488
528
508
356
340
494
470
320
420
398
438
486
342
448
124
456
230
478
276
418
278
438
360
250
352
448
384
346
302
460
472
406
390
400
462
402
404
516
304
420
210
430
288
470
402
364
452
422
546
244
396
462
348
446
344
264
488
366
436
276
390
416
340
384
400
426
480
524
446
374
488
528
466
518
450
532
394
460
492
344
410
378
300
428
182
416
370
422
228
390
490
324
442
420
400
284
388
378
384
448
300
474
266
356
370
344
504
400
528
332
318
396
468
388
448
308
528
344
532
460
368
288
320
448
478
476
360
344
296
504
516
452
406
462
484
376
386
262
458
270
316
346
462
372
444
350
326
436
404
416
392
400
366
430
352
368
370
364
504
342
480
436
400
254
500
286
496
244
504
276
422
352
288
454
390
480
258
426
452
472
410
346
328
326
492
412
490
320
400
518
408
358
538
314
392
344
248
466
482
456
348
416
464
344
160
370
352
288
420
396
396
484
426
434
368
416
486
386
460
382
436
502
422
368
510
474
344
418
436
420
532
450
358
412
176
406
348
502
454
460
480
314
418
456
230
414
418
322
422
340
274
380
352
392
358
330
406
292
502
382
176
566
440
510
428
380
422
350
288
424
372
394
352
342
352
358
236
258
482
266
362
222
516
432
390
478
354
298
392
232
398
438
392
408
380
444
354
320
434
382
340
276
418
422
376
490
348
500
414
426
226
378
360
380
438
188
342
406
396
356
426
410
426
290
362
322
472
334
490
412
276
322
454
512
218
300
372
416
376
434
480
360
410
382
436
418
488
462
232
360
404
426
320
402
542
330
422
444
446
464
428
258
466
384
410
454
284
360
306
506
320
490
338
378
286
548
384
438
546
476
318
334
440
384
396
480
342
398
260
324
304
296
414
412
308
260
422
374
312
416
446
304
448
376
470
454
78
380
438
440
262
352
466
390
538
372
440
436
394
470
358
388
358
352
546
344
324
284
224
380
336
440
408
416
308
410
364
386
434
352
374
376
296
326
438
332
406
420
380
410
340
452
354
422
384
424
424
370
388
288
498
352
480
320
352
334
406
332
360
434
480
492
282
406
380
480
476
422
294
358
292
272
394
326
322
516
436
476
350
466
392
444
494
550
332
546
432
330
178
434
416
400
440
112
402
254
190
300
474
486
292
296
332
376
310
448
306
378
388
332
342
294
306
494
486
316
348
402
308
340
336
320
464
382
486
384
298
314
242
486
444
328
472
430
334
398
518
282
426
504
340
368
360
370
358
396
476
388
262
428
474
390
444
296
366
492
416
504
380
418
398
452
346
380
344
308
334
494
414
412
474
402
440
436
524
434
526
460
474
496
452
370
352
420
346
438
348
336
514
346
494
450
290
422
372
402
358
446
234
424
454
462
460
430
520
512
326
230
450
428
390
376
342
484
578
316
284
272
466
422
568
380
494
432
484
394
428
418
400
278
316
496
472
380
248
412
584
380
